7588169
7587919
7587878
7587836
7587821
7587807
7587792
7587783
7587778
7587765
7587673
7587668
7587656
7587644
7587635
7587604
7587584
7587578
7587546
7587540
7587515
7587377
7587351
7587342
7587306
7587253
7587187
7587143
7587079
7587072
7587024
7586984
7586940
7586924
7586877
7586872
7586786
7586782
7586741
7586723
7586552
7586536
7586471
7586456
7586420
7586370
7586367
7586355
7586337
7586324
7586298
7586259
7586177
7586159
7586061
7586052
7586012
7585969
7585956
7585896
7585836
7585786
7585739
7585709
7585601
7585570
7585473
7585416
7585363
7585252
7585198
7585110
7584928
7584897
7584802
7584790
7584754
7584729
7584472
7584407
7584406
7584379
7584373
7584329
7584234
7584140
7584138
7584133
7584124
7584121
7584054
7583902
7583846
7583668
7583577
7583531
7583452
7583284
7583245
7583235
7583227
7583138
7583090
7583051
7583021
7582920
7582919
7582907
7582830
7582627
7582571
7582559
7575918
7575908
7575897
7575845
7575830
7575820
7575819
7575781
7575746
7575735
7575696
7575664
7575556
7575529
7575510
7575435
7575429
7575407
7575405
7575378
7575369
7575340
7575244
7575161
7575141
7575017
7574951
7574943
7574936
7574917
7574890
7574887
7574819
7574818
7574817
7574802
7574780
7574772
7574726
7574697
7574645
7574598
7574579
7574538
7574500
7574460
7574433
7574401
7574374
7574342
7574321
7574311
7574299
7574254
7574193
7574138
7574112
7574085
7574003
7574002
7573987
7573979
7573972
7573839
7573793
7573790
7573789
7573787
7573715
7573700
7573692
7573679
7573652
7573646
7573610
7573522
7573485
7573478
7573447
7573446
7573434
7573421
7573420
7573415
7566826
7566763
7566748
7566726
7566721
7566719
7566718
7566712
7566708
7566693
7566638
7566622
7566617
7566613
7566601
7566596
7566593
7566574
7566555
7566547
7566541
7566536
7566498
7566465
7566449
7566424
7566411
7566399
7566397
7566328
7566324
7566316
7566306
7566293
7566291
7566268
7566249
7566204
7566201
7566190
7566184
7566183
7566175
7566171
7566157
7566156
7566155
7566136
7566123
7565976
7565947
7565932
7565870
7565842
7565816
7565794
7565705
7565663
7565576
7565558
7565549
7565541
7565486
7565461
7565413
7565368
7565320
7565315
7565280
7565238
7565058
7565011
7564991
7564977
7564947
7564938
7564930
7564883
7564855
7564821
7564814
7564607
7564590
7564547
7564272
7564256
7564193
7564187
7564181
7564132
7564120
7564104
7564007
7563978
7563892
7563800
7563792
7563736
7563722
7563719
7563717
7563660
7563642
7563638
7563634
7563622
7563600
7563559
7563556
7563551
7563523
7563481
7563473
7563454
7563401
7563376
7563367
7563244
7563202
7563182
7563179
7563172
7563158
7562980
7562943
7562925
7562838
7562806
7562787
7562669
7562613
7562602
7562470
7562459
7562459
7562409
7562377
7562361
7562352
7562350
7562286
7562253
7562236
7562182
7562177
7562162
7562141
7562107
7562105
7562074
7562071
7562042
7562020
7561980
7561952
7561894
7561859
7561793
7561763
7561754
7561751
7561748
7561721
7561698
7561670
7561654
7561521
7561477
7561442
7561371
7561360
7561335
7561293
7561260
7561258
7561204
7561078
7561054
7561014
7560915
7560845
7560776
7560763
7560760
7560728
7560676
7560625
7560472
7560437
7560429
7560424
7560307
7560266
7560240
7560173
7560139
7560127
7560097
7560048
7559900
7559892
7559785
7559778
7559726
7559584
7559421
7559414
7559378
7559366
7559341
7559323
7559229
7559199
7559195
7559175
7559169
7559164
7559129
7559105
7559101
7559094
7559008
7559006
7559002
7558922
7558921
7558914
7558820
7558793
7558769
7558538
7558530
7558491
7558425
7558220
7558182
7558154
7558106
7558100
7558046
7557960
7557936
7557863
7557838
7557728
7557711
7557705
7557686
7557633
7557583
7557548
7557533
7557526
7557519
7557468
7557453
7557391
7557347
7557338
7557313
7557291
7557271
7557213
7557134
7557116
7557059
7557043
7556893
7556841
7556794
7556773
7556585
7556331
7556320
7556244
7556239
7556237
7556226
7556206
7556176
7556127
7556113
7556102
7555880
7555865
7555772
7555688
7555597
7555554
7555549
7555480
7555406
7555362
7555306
7555295
7555163
7555156
7554912
7554910
7554812
7554700
7554596
7554521
7554432
7554427
7554340
7554334
7554043
7554030
7553950
7553932
7553914
7553907
7553890
7553860
7553829
7553806
7553766
7553649
7553578
7553564
7553552
7553501
7553475
7553462
7553343
7553336
7553332
7553331
7553309
7553293
7553195
7553163
7553147
7553105
7553076
7553073
7553025
7552952
7552948
7552945
7552908
7552808
7552774
7552751
7552739
7552722
7552575
7552567
7552533
7552521
7552504
7552435
7552423
7552366
7552290
7552287
7552208
7552111
7552085
7552050
7552039
7552004
7551932
7551920
7551830
7551811
7551796
7551776
7551767
7551741
7551646
7551612
7551609
7551603
7551524
7551403
7551388
7551386
7551369
7551327
7551039
7550992
7550986
7550974
7550946
7550940
7550774
7550753
7550748
7550735
7550665
7550523
7550508
7550453
7550417
7550397
7550284
7550223
7550215
7550182
7550142
7550136
7550131
7549996
7549987
7549967
7549901
7549895
7549883
7549868
7549778
7549724
7549673
7549658
7549568
7549451
7549444
7549436
7549416
7549405
7549353
7549292
7549280
7549253
7549247
7549201
7549169
7549100
7549063
7548988
7548962
7548953
7548945
7548944
7548943
7548860
7548840
7548782
7548672
7548645
7548602
7548584
7548558
7548533
7548251
7548191
7548184
7548183
7548181
7548118
7548103
7548102
7548063
7548040
7548027
7548008
7547934
7547833
7547801
7547761
7547723
7547705
7547607
7547596
7547500
7547494
7547436
7547381
7547320
7547251
7547247
7547202
7547172
7547117
7547113
7547001
7546868
7546737
7546667
7546643
7546639
7546588
7546561
7546532
7546507
7546477
7546433
7546429
7546400
7546345
7546334
7546325
7546292
7546286
7546257
7546236
7546153
7546088
7546015
7545998
7545948
7545802
7545643
7545566
7545474
7545374
7545335
7545219
7545212
7545203
7545067
7545060
7545056
7545011
7544947
7544939
7544888
7544784
7544743
7544737
7544733
7544723
7544633
7544627
7544456
7544432
7544376
7544277
7544219
7544147
7543955
7543941
7543923
7543889
7543810
7543807
7543803
7543700
7543695
7543667
7543660
7543530
7543407
7543305
7543293
7543275
7543245
7543212
7543175
7543093
7543091
7543020
7542951
7542926
7542924
7542881
7542839
7542777
7542766
7542728
7542669
7542661
7542625
7542526
7542519
7542486
7542400
7542342
7542292
7542245
7542222
7542085
7542075
7542064
7542052
7541968
7541966
7541924
7541857
7541835
7541683
7541677
7541656
7541641
7541592
7541552
7541548
7541433
7541376
7541374
7541368
7541326
7541219
7541185
7541030
7541020
7540965
7540929
7540912
7540892
7540884
7540878
7540765
7540745
7540705
7540693
7540599
7540590
7540543
7540502
7540361
7540230
7540179
7540136
7540012
7539935
7539904
7539877
7539844
7539838
7539826
7539806
7539741
7539636
7539635
7539627
7539618
7539605
7539568
7539477
7539427
7539411
7539400
7539392
7539382
7539247
7539154
7539148
7539097
7538957
7538910
7538817
7538786
7538762
7538742
7538741
7538721
7538711
7538704
7538690
7538626
7538615
7538542
7538473
7538442
7538431
7538429
7538423
7538369
7538236
7538225
7538211
7538206
7538150
7538058
7538054
7537988
7537986
7537982
7537933
7537910
7537894
7537865
7537778
7537760
7537754
7537711
7537700
7537679
7537672
7537652
7537637
7537604
7537592
7537516
7537490
7537470
7537404
7537386
7537359
7537334
7537245
7537195
7537165
7537105
7537092
7537064
7536933
7536901
7536800
7536790
7536759
7536680
7536655
7536647
7536640
7536593
7536584
7536556
7536536
7536522
7536448
7536424
7536248
7536197
7536195
7536190
7536092
7536005
7535959
7535954
7535897
7535891
7535851
7535837
7535832
7535785
7535782
7535779
7535770
7535760
7535718
7535691
7535666
7535601
7535558
7535466
7535426
7535425
7535305
7535274
7535235
7535227
7535144
7535116
7535115
7535069
7534999
7534883
7534851
7534841
7534664
7534586
7534541
7534441
7534440
7534431
7534398
7534304
7534278
7534267
7534204
7534168
7533928
7533919
7533815
7533752
7533735
7533718
7533609
7533495
7533401
7533292
7533276
7533023
7532850
7532845
7532777
7532768
7532714
7532693
7532687
7532591
7532477
7532442
7532302
7532291
7532230
7532219
7532207
7532186
7532154
7532119
7532085
7532082
7532027
7531985
7531934
7531931
7531833
7531687
7531671
7531635
7531571
7531564
7531554
7531511
7531448
7531442
7531386
7531326
7531272
7531245
7531244
7531138
7531104
7531035
7530935
7530907
7530844
7530779
7530731
7530671
7530602
7530524
7530510
7530455
7530388
7530366
7530341
7530257
7530209
7529959
7529944
7529939
7529719
7529681
7529572
7529559
7529527
7529513
7529503
7529427
7529269
7529255
7529239
7529151
7529089
7529072
7529020
7528991
7528894
7528744
7528734
7528670
7528546
7528509
7528508
7528475
7528471
7528335
7528334
7528332
7528329
7528301
7528295
7528274
7528239
7528208
7528186
7528181
7528146
7528125
7528094
7528080
7528078
7528035
7528021
7528002
7527889
7527865
7527773
7527705
7527604
7527582
7527541
7527366
7527364
7527221
7527185
7527169
7527144
7527132
7527074
7527052
7526827
7526442
7526430
7526419
7526405
7526391
7526372
7526359
7526342
7526249
7526085
7526066
7525945
7525856
7525836
7525750
7525614
7525499
7525446
7525432
7525178
7525156
7525095
7525038
7524976
7524939
7524865
7524780
7524747
7524671
7524588
7524463
7524443
7524330
7524223
7524176
7523950
7523923
7523896
7523820
7523816
7523807
7523671
7523644
7523617
7523602
7523574
7523564
7523519
7523486
7523476
7523472
7523365
7523335
7522997
7522948
7522686
7522619
7522579
7522531
7522456
7522397
7522375
7522264
7522226
7522192
7522191
7522176
7522098
7521921
7521918
7521901
7521695
7521655
7521538
7521326
7521300
7521263
7521254
7521243
7521191
7521190
7521129
7521123
7521096
7521041
7521020
7521006
7520995
7520976
7520808
7520755
7520727
7520657
7520548
7520426
7520401
7520396
7520300
7520288
7520171
7520138
7520116
7520016
7519780
7519754
7519540
7519475
7519429
7519335
7519266
7519257
7519226
7519185
7519116
7519019
7518900
7518899
7518895
7518860
7518826
7518822
7518801
7518794
7518693
7518650
7518570
7518560
7518540
7518460
7518375
7518340
7518323
7518315
7518188
7518168
7518045
7517934
7517930
7517913
7517909
7517784
7517629
7517568
7517509
7517481
7517472
7517351
7517232
7517197
7517171
7517077
7516940
7516915
7516860
7516857
7516822
7516786
7516769
7516715
7516654
7516538
7516492
7516461
7516458
7516343
7516217
7516194
7516177
7516045
7516008
7515994
7515710
7515689
7515641
7515598
7515488
7515470
7515456
7515444
7515413
7515406
7515395
7515378
7515292
7515261
7515212
7515114
7515085
7515065
7515058
7514981
7514911
7514905
7514881
7514699
7514697
7514694
7514651
7514632
7514515
7514481
7514458
7514391
7514201
7514086
7514005
7513913
7513806
7513681
7513678
7513672
7513669
7513647
7513604
7513549
7513522
7513204
7513034
7512846
7512807
7512640
7512604
7512591
7512523
7512516
7512494
7512465
7512442
7512410
7512385
7512361
7512340
7512293
7512285
7512226
7512210
7512188
7512165
7512156
7512058
7511988
7511955
7511856
7511853
7511829
7511822
7511817
7511710
7511679
7511648
7511646
7511574
7511380
7511334
7511290
7511152
7511004
7510913
7510894
7510717
7510714
7510600
7510471
7510393
7510350
7510220
7510031
7509953
7509918
7509876
7509861
7509800
7509773
7509768
7509728
7509689
7509627
7509600
7509564
7509513
7509364
7509325
7509263
7509252
7509228
7509222
7509191
7509160
7509134
7509078
7508969
7508922
7508875
7508867
7508807
7508772
7508670
7508667
7508632
7508577
7508527
7508517
7508429
7508405
7508386
7508309
7508243
7508221
7508199
7508102
7508076
7508045
7507765
7507640
7507639
7507553
7507424
7507358
7507341
7507225
7507192
7507176
7507091
7507037
7507029
7507020
7506909
7506870
7506726
7506647
7506644
7506539
7506535
7506520
7506455
7506376
7506316
7506266
7506225
7506170
7506167
7506077
7506023
7505995
7505981
7505946
7505873
7505850
7505769
7505749
7505742
7505734
7505644
7505558
7505542
7505476
7505466
7505321
7505202
7505201
7505089
7505077
7505069
7505040
7505025
7505004
7504930
7504923
7504902
7504854
7504813
7504799
7504770
7504586
7504578
7504573
7504496
7504371
7504266
7504061
7503970
7503936
7503919
7503818
7503735
7503598
7503587
7503504
7503501
7503339
7503327
7503310
7503301
7503270
7503222
7503219
7503153
7503133
7503070
7503044
7502987
7502904
7502903
7502874
7502752
7502688
7502674
7502547
7502511
7502297
7502287
7502264
7502250
7502104
7502031
7502027
7501873
7501832
7501774
7501727
7501643
7501641
7501636
7501606
7501590
7501543
7501515
7501504
7501499
7501413
7501393
7501302
7501215
7501035
7500934
7500931
7500873
7500867
7500826
7500783
7500776
7500638
7500533
7500492
7500447
7500403
7500391
7500346
7500345
7500063
7499830
7499736
7499690
7499647
7499646
7499584
7499530
7499370
7499357
7499354
7499297
7499286
7499192
7499189
7499170
7498994
7498975
7498925
7498880
7498826
7498663
7498634
7498609
7498563
7498458
7498447
7498420
7498411
7498338
7498216
7498141
7498115
7498105
7498051
7498021
7498013
7497956
7497887
7497822
7497796
7497768
7497705
7497679
7497552
7497520
7497462
7497429
7497390
7497371
7497335
7497271
7497269
7497203
7497201
7497124
7496958
7496906
7496905
7496886
7496651
7496625
7496624
7496606
7496585
7496571
7496558
7496480
7496465
7496456
7496454
7496078
7496034
7496033
7495983
7495954
7495910
7495801
7495776
7495575
7495538
7495534
7495523
7495377
7495351
7495312
7495128
7495079
7494977
7494947
7494919
7494889
7494802
7494652
7494507
7494486
7494457
7494388
7494241
7494182
7494108
7494105
7494061
7494041
7494020
7493990
7493890
7493863
7493835
7493804
7493795
7493789
7493766
7493745
7493724
7493628
7493560
7493528
7493400
7493398
7493184
7493157
7493091
7492847
7492840
7492763
7492590
7492478
7492364
7492319
7492292
7492291
7492204
7492081
7492048
7491993
7491981
7491965
7491923
7491915
7491860
7491825
7491752
7491654
7491563
7491552
7491531
7491478
7491445
7491421
7491373
7491355
7491353
7491350
7491339
7491275
7491236
7491217
7491187
7491182
7491165
7491160
7491115
7491102
7491083
7490990
7490979
7490969
7490877
7490828
7490715
7490668
7490451
7490392
7490387
7490372
7490292
7490284
7490281
7490211
7490170
7490102
7490097
7490019
7489894
7489808
7489797
7489790
7489561
7489537
7489379
7489342
7489226
7489199
7489127
7489099
7489079
7488975
7488825
7488802
7488750
7488748
7488734
7488729
7488723
7488633
7488624
7488621
7488618
7488610
7488599
7488566
7488553
7488543
7488506
7488503
7488493
7488491
7488453
7488427
7488329
7488299
7488277
7488248
7488232
7488152
7488149
7488049
7488041
7488039
7488020
7487970
7487961
7487960
7487938
7487912
7487865
7487848
7487781
7487766
7487729
7487709
7487615
7487516
7487265
7487240
7487190
7487168
7487124
7487081
7487029
7486884
7486828
7486808
7486793
7486790
7486718
7486715
7486454
7486416
7486374
7486355
7486282
7486207
7486155
7486097
7486085
7486023
7485957
7485874
7485855
7485774
7485765
7485673
7485663
7485590
7485572
7485570
7485541
7485535
7485523
7485493
7485486
7485479
7485453
7485430
7485345
7485244
7485218
7485217
7484986
7484915
7484828
7484778
7484767
7484710
7484703
7484701
7484691
7484638
7484579
7484545
7484342
7484267
7484214
7484062
7484041
7484034
7483989
7483963
7483952
7483926
7483898
7483850
7483846
7483823
7483817
7483782
7483781
7483712
7483709
7483697
7483663
7483586
7483529
7483511
7483480
7483439
7483316
7483185
7483184
7483141
7483079
7482818
7482807
7482747
7482566
7482481
7482463
7482430
7482350
7482324
7482292
7482187
7481940
7481805
7481729
7481653
7481649
7481602
7481580
7481567
7481555
7481531
7481512
7481510
7481507
7481463
7481333
7481327
7481304
7481298
7481254
7481238
7481202
7481082
7480916
7480873
7480868
7480855
7480816
7480774
7480673
7480670
7480659
7480601
7480595
7480566
7480548
7480535
7480525
7480518
7480501
7480368
7480354
7480321
7480218
7480213
7480161
7480114
7480002
7479962
7479943
7479928
7479836
7479812
7479778
7479755
7479734
7479720
7479673
7479666
7479630
7479577
7479547
7479475
7479318
7479303
7479296
7479262
7479227
7479174
7479016
7479013
7478977
7478945
7478928
7478843
7478766
7478520
7478492
7478438
7478355
7478337
7478157
7478140
7478036
7477983
7477970
7477941
7477922
7477907
7477898
7477831
7477783
7477780
7477715
7477637
7477605
7477597
7477587
7477556
7477548
7477391
7477390
7477379
7477369
7477351
7477306
7477278
7477266
7477241
7477233
7477221
7477190
7477185
7477175
7477095
